c_destchoice_age_18_34 = 2.7798092332087254
c_destchoice_age_35_64 = 0.9261373020005698
c_destchoice_age_over_65 = 0.028123378025351885
c_destchoice_college = 8.056525674021914e-05
c_destchoice_dist = -5.2411065166801505e-06
c_destchoice_entscore = 0.05188835421660411
c_destchoice_foreign = 4.160805195074553
c_destchoice_hhinc = 1.4485264133709863e-05
c_destchoice_hurent = -0.0018036802732585282
c_destchoice_logdist = -0.13934380012521
c_destchoice_pctbach = 3.042734025243399
c_destchoice_pctnobach = 2.565847281602318
c_destchoice_urban = -0.008601618136189305
c_destchoice_vacancy = 0.5606150308830022
c_move = -7.985678026936345
c_stay = 7.985678026935563
c_stay_age_18_22 = -0.5323218467107537
c_stay_age_23_29 = -0.7331805201211891
c_stay_age_30_39 = -0.3851026613329239
c_stay_age_50_64 = 0.30211001018637357
c_stay_age_65 = 0.3819399401440312
c_stay_child = -0.39429346655941283
c_stay_college = 0.6500096416310236
c_stay_dens = 0.0004024994144071118
c_stay_edu_college = -0.8023238987519643
c_stay_edu_nohigh = -0.1633644181056337
c_stay_edu_somecollege = -0.042262889918811025
c_stay_foreign = 0.14437853478439489
c_stay_hhinc_orig = 1.3516647320404175e-05
c_stay_hurent = -0.0015245500878558322
c_stay_income = 1.8111357447942179e-06
c_stay_married = 0.6624617576342721
c_stay_origin_unemp = -2.1341280001227383
move = 1.4970340681386987
